Finlays's Results

Problem 1 - Delivery order 
2,4,7,6,0,3,8,1,9,5,
Reward =330

Problem 2 - Delivery order 
2,14,12,11,7,1,0,8,4,9,18,19,10,3,5,6,16,15,17,13,
Reward =408

Problem 3 - Delivery order 
18,28,17,5,23,26,11,21,9,2,22,29,3,19,4,12,14,0,16,15,25,8,24,6,20,7,10,27,1,13,
Reward =721

Problem 4 - Delivery order 
35,3,25,20,29,23,2,11,12,14,10,26,37,38,33,1,17,9,32,13,28,8,27,15,30,5,19,0,16,22,24,21,31,18,34,7,4,39,6,36,
Reward =996

Problem 5 - Delivery order 
16,40,48,30,46,36,39,26,14,42,41,20,38,4,5,2,34,49,24,37,44,45,21,3,9,17,35,32,18,23,1,0,15,7,19,31,22,47,29,12,10,13,27,25,33,8,11,43,28,6,
Reward =958